0.051, 0.000, 0.000, 0.000
0.067, 0.000, 0.000, 0.000
0.084, 0.000, 0.000, 0.000
0.101, 0.000, 0.000, 0.000
0.118, 0.000, 0.000, 0.000
0.134, 0.000, 0.000, 0.000
0.150, 0.000, 0.000, 0.000
0.167, 0.000, 0.000, 0.000
0.184, 0.000, 0.000, 0.000
0.201, 0.000, 0.000, 0.000
0.217, 0.000, 0.000, 0.000
0.234, 0.000, 0.000, 0.000
0.251, 0.000, 0.000, 0.000
0.267, 0.000, 0.000, 0.000
0.284, 0.000, 0.000, 0.000
0.301, 0.000, 0.000, 0.000
0.317, 0.000, 0.000, 0.000
0.334, 0.000, 0.000, 0.000
0.351, 0.000, 0.000, 0.000
0.367, 0.000, 0.000, 0.000
0.384, 0.000, 0.000, 0.000
0.401, 0.000, 0.000, 0.000
0.417, 0.000, 0.000, 0.000
0.434, 0.000, 0.000, 0.000
0.450, 0.000, 0.000, 0.000
0.467, 0.000, 0.000, 0.000
0.484, 0.000, 0.000, 0.000
0.500, 0.000, 0.000, 0.000
0.518, -0.435, -0.318, 0.033
0.534, -0.435, -0.318, 0.033
0.551, -0.435, -0.318, 0.033
0.567, -0.435, -0.318, 0.032
0.584, -0.435, -0.318, 0.033
0.601, -0.435, -0.318, 0.033
0.617, -0.435, -0.318, 0.033
0.634, -0.435, -0.318, 0.033
0.651, -0.435, -0.318, 0.033
0.667, -0.436, -0.319, 0.032
0.684, -0.435, -0.318, 0.033
0.701, -0.435, -0.318, 0.032
0.718, -0.435, -0.318, 0.033
0.734, -0.435, -0.318, 0.033
0.751, -0.435, -0.318, 0.033
0.767, -0.435, -0.319, 0.031
0.784, -0.435, -0.318, 0.033
0.801, -0.435, -0.319, 0.032
0.817, -0.435, -0.319, 0.031
0.834, -0.435, -0.318, 0.033
0.851, -0.435, -0.318, 0.033
0.868, -0.435, -0.318, 0.033
0.884, -0.435, -0.318, 0.033
0.901, -0.435, -0.318, 0.032
0.917, -0.435, -0.318, 0.033
0.934, -0.435, -0.319, 0.031
0.951, -0.435, -0.319, 0.031
0.967, -0.435, -0.318, 0.033
0.984, -0.435, -0.318, 0.033
1.001, -0.435, -0.318, 0.033
1.017, -0.435, -0.318, 0.033
1.034, -0.435, -0.318, 0.033
1.051, -0.435, -0.320, 0.031
1.067, -0.435, -0.318, 0.033
1.084, -0.435, -0.318, 0.033
1.101, -0.435, -0.318, 0.033
1.118, -0.435, -0.319, 0.032
1.134, -0.435, -0.318, 0.033
1.151, -0.435, -0.319, 0.031
1.167, -0.436, -0.319, 0.032
1.184, -0.435, -0.318, 0.033
1.201, -0.435, -0.318, 0.033
1.217, -0.435, -0.318, 0.033
1.234, -0.435, -0.318, 0.033
1.251, -0.435, -0.318, 0.033
1.267, -0.435, -0.318, 0.033
1.284, -0.435, -0.319, 0.032
1.302, -0.435, -0.319, 0.032
1.317, -0.435, -0.319, 0.031
1.334, -0.435, -0.319, 0.032
1.351, -0.435, -0.318, 0.032
1.367, -0.435, -0.318, 0.033
1.384, -0.435, -0.318, 0.033
1.400, -0.435, -0.318, 0.033
1.417, -0.435, -0.318, 0.033
1.434, -0.435, -0.318, 0.033
1.450, -0.435, -0.318, 0.033
1.467, -0.435, -0.318, 0.033
1.484, -0.435, -0.318, 0.033
1.501, -0.435, -0.318, 0.033
1.517, -0.435, -0.318, 0.033
1.534, -0.435, -0.318, 0.032
1.551, -0.435, -0.319, 0.031
1.567, -0.435, -0.318, 0.033
1.584, -0.435, -0.318, 0.033
1.601, -0.435, -0.318, 0.033
1.617, -0.435, -0.319, 0.032
1.634, -0.435, -0.318, 0.033
1.650, -0.435, -0.318, 0.033
1.667, -0.435, -0.318, 0.033
1.684, -0.435, -0.318, 0.033
1.701, -0.435, -0.318, 0.033
1.717, -0.435, -0.318, 0.033
1.734, -0.435, -0.318, 0.033
1.751, -0.435, -0.319, 0.032
1.767, -0.436, -0.320, 0.030
1.784, -0.435, -0.318, 0.033
1.801, -0.435, -0.319, 0.032
1.817, -0.435, -0.318, 0.033
1.834, -0.435, -0.318, 0.034
1.851, -0.435, -0.318, 0.033
1.867, -0.435, -0.318, 0.033
1.884, -0.435, -0.318, 0.033
1.901, -0.435, -0.318, 0.032
1.917, -0.435, -0.318, 0.033
1.934, -0.435, -0.318, 0.033
1.951, -0.435, -0.318, 0.033
1.967, -0.435, -0.319, 0.031
1.984, -0.435, -0.318, 0.033
2.001, -0.435, -0.319, 0.031
2.017, -0.435, -0.318, 0.033
2.034, -0.435, -0.319, 0.031
2.051, -0.435, -0.319, 0.031
2.067, -0.435, -0.318, 0.033
2.084, -0.435, -0.319, 0.031
2.101, -0.435, -0.319, 0.031
2.117, -0.435, -0.319, 0.032
2.134, -0.435, -0.319, 0.031
2.151, -0.435, -0.318, 0.033
2.167, -0.435, -0.318, 0.033
2.184, -0.435, -0.318, 0.033
2.201, -0.435, -0.318, 0.033
2.217, -0.435, -0.319, 0.031
2.234, -0.435, -0.318, 0.033
2.251, -0.435, -0.318, 0.033
2.267, -0.435, -0.318, 0.032
2.284, -0.435, -0.318, 0.033
2.301, -0.435, -0.318, 0.033
2.317, -0.435, -0.318, 0.033
2.334, -0.435, -0.318, 0.033
2.351, -0.435, -0.319, 0.032
2.367, -0.435, -0.318, 0.033
2.384, -0.435, -0.318, 0.032
2.401, -0.435, -0.318, 0.032
2.417, -0.435, -0.319, 0.031
2.434, -0.435, -0.318, 0.033
2.451, -0.435, -0.318, 0.033
2.467, -0.435, -0.319, 0.031
2.484, -0.435, -0.318, 0.033
2.501, -0.435, -0.318, 0.033
2.517, -0.435, -0.320, 0.031
2.534, -0.435, -0.318, 0.033
2.551, -0.435, -0.319, 0.031
2.567, -0.435, -0.318, 0.032
2.584, -0.435, -0.319, 0.031
2.601, -0.435, -0.318, 0.032
2.617, -0.435, -0.318, 0.033
2.634, -0.435, -0.319, 0.031
2.651, -0.435, -0.318, 0.033
2.667, -0.435, -0.318, 0.033
2.684, -0.435, -0.319, 0.031
2.701, -0.435, -0.318, 0.033
2.717, -0.435, -0.318, 0.033
2.734, -0.435, -0.318, 0.033
2.751, -0.435, -0.318, 0.033
2.767, -0.435, -0.318, 0.033
2.784, -0.435, -0.320, 0.031
2.801, -0.435, -0.318, 0.033
2.817, -0.435, -0.318, 0.033
2.834, -0.436, -0.319, 0.032
2.851, -0.435, -0.319, 0.031
2.867, -0.435, -0.318, 0.033
2.884, -0.435, -0.318, 0.033
2.901, -0.435, -0.318, 0.033
2.917, -0.435, -0.318, 0.033
2.934, -0.435, -0.318, 0.033
2.951, -0.435, -0.318, 0.032
2.967, -0.435, -0.318, 0.033
2.984, -0.435, -0.319, 0.032
3.001, -0.435, -0.318, 0.033
3.017, -0.435, -0.319, 0.031
3.034, -0.436, -0.319, 0.032
3.051, -0.435, -0.319, 0.031
3.067, -0.435, -0.318, 0.032
3.084, -0.435, -0.318, 0.033
3.100, -0.435, -0.319, 0.031
3.117, -0.435, -0.318, 0.033
3.134, -0.435, -0.319, 0.033
3.151, -0.436, -0.319, 0.032
3.167, -0.435, -0.319, 0.032
3.185, -0.435, -0.319, 0.031
3.201, -0.435, -0.319, 0.032
3.217, -0.435, -0.318, 0.033
3.234, -0.435, -0.319, 0.031
3.251, -0.435, -0.318, 0.033
3.267, -0.435, -0.319, 0.032
3.284, -0.436, -0.320, 0.030
3.301, -0.435, -0.319, 0.032
3.317, -0.436, -0.320, 0.030
3.334, -0.435, -0.318, 0.033
3.351, -0.435, -0.318, 0.033
3.367, -0.435, -0.318, 0.033
3.384, -0.435, -0.319, 0.031
3.401, -0.435, -0.319, 0.031
3.417, -0.435, -0.319, 0.032
3.434, -0.435, -0.318, 0.033
3.451, -0.436, -0.319, 0.032
3.467, -0.435, -0.318, 0.033
3.484, -0.435, -0.318, 0.032
3.500, -0.435, -0.319, 0.032
3.517, -0.435, -0.318, 0.033
3.534, -0.435, -0.318, 0.033
3.551, -0.435, -0.318, 0.033
3.567, -0.435, -0.318, 0.033
3.584, -0.435, -0.318, 0.033
3.601, -0.435, -0.318, 0.033
3.617, -0.435, -0.318, 0.033
3.634, -0.435, -0.318, 0.033
3.651, -0.435, -0.319, 0.031
3.667, -0.435, -0.319, 0.032
3.684, -0.435, -0.319, 0.031
3.704, -0.435, -0.318, 0.033
3.717, -0.435, -0.319, 0.032
3.734, -0.435, -0.318, 0.033
3.751, -0.435, -0.318, 0.033
3.767, -0.435, -0.318, 0.032
3.784, -0.435, -0.318, 0.033
3.801, -0.435, -0.318, 0.033
3.817, -0.435, -0.318, 0.033
3.834, -0.435, -0.319, 0.031
3.851, -0.435, -0.318, 0.033
3.867, -0.435, -0.318, 0.032
3.884, -0.435, -0.318, 0.033
3.901, -0.436, -0.319, 0.032
3.917, -0.435, -0.318, 0.033
3.934, -0.435, -0.318, 0.033
3.951, -0.435, -0.319, 0.032
3.967, -0.435, -0.318, 0.033
3.984, -0.435, -0.318, 0.032
4.001, -0.435, -0.318, 0.032
4.017, -0.435, -0.318, 0.033
4.034, -0.435, -0.318, 0.033
4.050, -0.435, -0.318, 0.032
4.067, -0.435, -0.319, 0.033
4.084, -0.435, -0.318, 0.032
4.100, -0.435, -0.318, 0.033
4.117, -0.435, -0.319, 0.031
4.134, -0.435, -0.318, 0.033
4.150, -0.435, -0.319, 0.031
4.167, -0.435, -0.318, 0.033
4.184, -0.435, -0.319, 0.031
4.201, -0.435, -0.318, 0.033
4.217, -0.435, -0.318, 0.033
4.234, -0.435, -0.318, 0.033
4.251, -0.435, -0.318, 0.033
4.267, -0.435, -0.318, 0.033
4.284, -0.435, -0.318, 0.033
4.301, -0.435, -0.318, 0.032
4.317, -0.435, -0.319, 0.031
4.334, -0.435, -0.318, 0.033
4.351, -0.435, -0.319, 0.032
4.367, -0.435, -0.318, 0.033
4.384, -0.435, -0.319, 0.031
4.401, -0.435, -0.318, 0.033
4.417, -0.435, -0.318, 0.033
4.434, -0.435, -0.318, 0.033
4.451, -0.435, -0.318, 0.033
4.467, -0.435, -0.319, 0.031
4.484, -0.435, -0.319, 0.032
4.501, -0.435, -0.318, 0.033
4.517, -0.435, -0.318, 0.033
4.534, -0.435, -0.318, 0.032
4.551, -0.436, -0.319, 0.032
4.567, -0.435, -0.318, 0.033
4.584, -0.435, -0.319, 0.032
4.601, -0.435, -0.318, 0.032
4.617, -0.435, -0.318, 0.033
4.634, -0.435, -0.318, 0.032
4.651, -0.435, -0.318, 0.033
4.667, -0.435, -0.319, 0.031
4.684, -0.436, -0.319, 0.032
4.701, -0.435, -0.318, 0.033
4.717, -0.435, -0.318, 0.032
4.734, -0.435, -0.319, 0.031
4.751, -0.435, -0.319, 0.031
4.767, -0.435, -0.318, 0.033
4.784, -0.435, -0.319, 0.031
4.801, -0.436, -0.319, 0.030
4.817, -0.435, -0.319, 0.032
4.834, -0.435, -0.318, 0.033
4.851, -0.435, -0.319, 0.032
4.867, -0.435, -0.319, 0.031
4.884, -0.435, -0.318, 0.033
4.901, -0.435, -0.318, 0.033
4.917, -0.435, -0.318, 0.033
4.934, -0.435, -0.318, 0.033
4.951, -0.435, -0.318, 0.033
4.967, -0.435, -0.318, 0.033
4.984, -0.435, -0.319, 0.031
5.001, -0.435, -0.318, 0.033
5.017, -0.435, -0.319, 0.031
5.034, -0.435, -0.318, 0.033
5.051, -0.435, -0.318, 0.032
5.067, -0.435, -0.319, 0.031
5.084, -0.435, -0.318, 0.032
5.101, -0.436, -0.319, 0.032
5.117, -0.435, -0.318, 0.033
5.134, -0.436, -0.320, 0.030
5.151, -0.435, -0.319, 0.031
5.167, -0.435, -0.318, 0.033
5.184, -0.435, -0.319, 0.031
5.201, -0.435, -0.319, 0.031
5.217, -0.436, -0.319, 0.032
5.234, -0.435, -0.319, 0.031
5.250, -0.435, -0.318, 0.033
5.267, -0.435, -0.318, 0.033
5.284, -0.435, -0.318, 0.033
5.301, -0.435, -0.318, 0.033
5.317, -0.436, -0.319, 0.032
5.334, -0.435, -0.318, 0.033
5.351, -0.435, -0.319, 0.031
5.367, -0.435, -0.318, 0.033
5.384, -0.435, -0.319, 0.031
5.400, -0.435, -0.318, 0.033
5.417, -0.435, -0.319, 0.032
5.434, -0.435, -0.319, 0.032
5.450, -0.435, -0.319, 0.032
5.467, -0.435, -0.319, 0.031
5.484, -0.435, -0.318, 0.033
5.501, -0.435, -0.318, 0.033
5.517, -0.435, -0.319, 0.031
5.534, -0.435, -0.318, 0.033
5.551, -0.435, -0.319, 0.032
5.567, -0.435, -0.319, 0.031
5.584, -0.435, -0.318, 0.033
5.601, -0.435, -0.318, 0.033
5.617, -0.435, -0.318, 0.033
5.634, -0.435, -0.319, 0.032
5.651, -0.436, -0.320, 0.030
5.667, -0.435, -0.318, 0.033
5.684, -0.435, -0.318, 0.032
5.701, -0.435, -0.319, 0.032
5.717, -0.435, -0.318, 0.033
5.734, -0.435, -0.318, 0.032
5.751, -0.435, -0.318, 0.033
5.767, -0.435, -0.319, 0.032
5.784, -0.435, -0.318, 0.033
5.801, -0.435, -0.318, 0.033
5.817, -0.435, -0.319, 0.032
5.834, -0.435, -0.318, 0.033
5.851, -0.435, -0.318, 0.033
5.867, -0.436, -0.319, 0.032
5.884, -0.435, -0.319, 0.031
5.901, -0.435, -0.318, 0.033
5.917, -0.435, -0.318, 0.033
5.934, -0.435, -0.319, 0.031
5.951, -0.435, -0.319, 0.032
5.967, -0.435, -0.318, 0.033
5.984, -0.435, -0.319, 0.032
6.001, -0.435, -0.318, 0.033
6.017, -0.435, -0.319, 0.031
6.034, -0.435, -0.319, 0.032
6.051, -0.435, -0.319, 0.032
6.067, -0.435, -0.319, 0.031
6.084, -0.435, -0.319, 0.032
6.101, -0.435, -0.318, 0.033
6.117, -0.435, -0.318, 0.033
6.134, -0.435, -0.318, 0.033
6.151, -0.435, -0.319, 0.031
6.167, -0.435, -0.318, 0.033
6.184, -0.435, -0.319, 0.031
6.201, -0.435, -0.318, 0.033
6.217, -0.435, -0.318, 0.033
6.234, -0.435, -0.318, 0.032
6.251, -0.435, -0.318, 0.033
6.267, -0.435, -0.318, 0.033
6.284, -0.435, -0.318, 0.033
6.301, -0.435, -0.318, 0.033
6.317, -0.436, -0.320, 0.030
6.334, -0.435, -0.318, 0.032
6.350, -0.435, -0.319, 0.031
6.367, -0.435, -0.319, 0.032
6.384, -0.435, -0.319, 0.031
6.401, -0.435, -0.319, 0.031
6.417, -0.435, -0.318, 0.033
6.434, -0.435, -0.319, 0.031
6.450, -0.435, -0.318, 0.033
6.467, -0.435, -0.318, 0.032
6.484, -0.435, -0.318, 0.032
6.501, -0.436, -0.319, 0.032
6.517, -0.435, -0.318, 0.033
6.534, -0.435, -0.318, 0.033
6.550, -0.435, -0.318, 0.033
6.567, -0.435, -0.319, 0.031
6.584, -0.435, -0.318, 0.033
6.601, -0.435, -0.319, 0.032
6.617, -0.435, -0.318, 0.032
6.634, -0.435, -0.318, 0.033
6.651, -0.435, -0.318, 0.033
6.667, -0.436, -0.319, 0.032
6.684, -0.436, -0.319, 0.032
6.701, -0.435, -0.319, 0.032
6.717, -0.435, -0.318, 0.033
6.734, -0.435, -0.318, 0.032
6.751, -0.436, -0.320, 0.030
6.767, -0.435, -0.318, 0.033
6.784, -0.436, -0.320, 0.030
6.801, -0.435, -0.318, 0.033
6.817, -0.436, -0.320, 0.030
6.834, -0.435, -0.318, 0.033
6.851, -0.435, -0.318, 0.033
6.867, -0.435, -0.318, 0.033
6.884, -0.435, -0.319, 0.032
6.901, -0.435, -0.319, 0.031
6.917, -0.436, -0.319, 0.032
6.934, -0.435, -0.319, 0.031
6.951, -0.435, -0.319, 0.031
6.967, -0.436, -0.319, 0.032
6.984, -0.435, -0.319, 0.031
7.001, -0.435, -0.319, 0.032
7.017, -0.435, -0.318, 0.033
7.034, -0.435, -0.318, 0.033
7.051, -0.435, -0.319, 0.032
7.067, -0.435, -0.319, 0.031
7.084, -0.436, -0.319, 0.032
7.101, -0.436, -0.319, 0.032
7.117, -0.435, -0.318, 0.032
7.134, -0.436, -0.319, 0.032
7.150, -0.436, -0.319, 0.032
7.168, -0.435, -0.319, 0.031
7.185, -0.436, -0.319, 0.032
7.201, -0.435, -0.319, 0.033
7.218, -0.435, -0.319, 0.031
7.234, -0.435, -0.319, 0.033
7.251, -0.435, -0.319, 0.031
7.268, -0.435, -0.319, 0.033
7.284, -0.436, -0.319, 0.032
7.301, -0.435, -0.320, 0.031
7.317, -0.436, -0.319, 0.032
7.334, -0.435, -0.320, 0.031
7.351, -0.435, -0.319, 0.033
7.367, -0.435, -0.319, 0.033
7.384, -0.435, -0.319, 0.032
7.401, -0.435, -0.319, 0.033
7.417, -0.435, -0.319, 0.032
7.434, -0.435, -0.319, 0.032
7.451, -0.435, -0.320, 0.031
7.467, -0.436, -0.319, 0.032
7.484, -0.435, -0.320, 0.031
7.501, -0.435, -0.320, 0.031
7.517, -0.436, -0.320, 0.030
7.534, -0.436, -0.320, 0.030
7.551, -0.435, -0.319, 0.033
7.567, -0.435, -0.319, 0.032
7.584, -0.434, -0.319, 0.033
7.601, -0.435, -0.318, 0.033
7.617, -0.435, -0.319, 0.033
7.634, -0.436, -0.319, 0.032
7.651, -0.435, -0.319, 0.032
7.667, -0.435, -0.319, 0.033
7.684, -0.435, -0.319, 0.032
7.701, -0.435, -0.318, 0.033
7.717, -0.435, -0.320, 0.031
7.734, -0.436, -0.319, 0.032
7.750, -0.435, -0.319, 0.033
7.767, -0.436, -0.319, 0.032
7.784, -0.435, -0.319, 0.032
7.801, -0.436, -0.320, 0.030
7.817, -0.435, -0.319, 0.032
7.834, -0.436, -0.320, 0.030
7.851, -0.436, -0.320, 0.030
7.867, -0.435, -0.319, 0.032
7.884, -0.435, -0.319, 0.033
7.901, -0.435, -0.320, 0.031
7.917, -0.436, -0.319, 0.032
7.934, -0.435, -0.319, 0.032
7.950, -0.435, -0.319, 0.032
7.967, -0.435, -0.319, 0.033
7.984, -0.434, -0.319, 0.033
8.001, -0.435, -0.319, 0.032
8.017, -0.436, -0.320, 0.030
8.034, -0.435, -0.319, 0.033
8.051, -0.435, -0.319, 0.032
8.067, -0.435, -0.319, 0.032
8.084, -0.435, -0.319, 0.032
8.101, -0.435, -0.319, 0.032
8.117, -0.435, -0.319, 0.032
8.134, -0.435, -0.319, 0.032
8.151, -0.435, -0.319, 0.032
8.167, -0.434, -0.319, 0.033
8.184, -0.435, -0.319, 0.032
8.201, -0.435, -0.319, 0.032
8.217, -0.435, -0.319, 0.032
8.234, -0.435, -0.319, 0.032
8.251, -0.435, -0.319, 0.032
8.267, -0.435, -0.319, 0.032
8.284, -0.435, -0.319, 0.032
8.301, -0.435, -0.319, 0.032
8.317, -0.435, -0.319, 0.032
8.334, -0.435, -0.319, 0.032
8.351, -0.435, -0.319, 0.032
8.368, -0.435, -0.319, 0.032
8.384, -0.435, -0.319, 0.032
8.401, -0.435, -0.319, 0.032
8.417, -0.435, -0.319, 0.032
8.434, -0.435, -0.319, 0.032
8.451, -0.435, -0.319, 0.032
8.467, -0.435, -0.319, 0.032
8.484, -0.436, -0.320, 0.031
8.501, -0.435, -0.320, 0.032
8.517, -0.435, -0.319, 0.032
8.534, -0.435, -0.319, 0.033
8.551, -0.434, -0.318, 0.035
8.567, -0.434, -0.318, 0.035
8.584, -0.434, -0.319, 0.036
8.601, -0.434, -0.319, 0.036
8.617, -0.434, -0.319, 0.036
8.634, -0.433, -0.319, 0.037
8.651, -0.433, -0.319, 0.037
8.667, -0.433, -0.319, 0.038
8.684, -0.432, -0.320, 0.038
8.701, -0.432, -0.320, 0.038
8.717, -0.433, -0.321, 0.037
8.734, -0.433, -0.321, 0.037
8.751, -0.432, -0.320, 0.039
8.767, -0.431, -0.321, 0.038
8.784, -0.431, -0.322, 0.038
8.801, -0.432, -0.324, 0.036
8.817, -0.431, -0.323, 0.038
8.834, -0.430, -0.322, 0.040
8.851, -0.430, -0.323, 0.039
8.867, -0.428, -0.323, 0.041
8.884, -0.427, -0.324, 0.041
8.901, -0.427, -0.324, 0.041
8.917, -0.425, -0.325, 0.042
8.934, -0.424, -0.326, 0.042
8.951, -0.423, -0.326, 0.042
8.967, -0.422, -0.327, 0.043
8.984, -0.421, -0.329, 0.041
9.001, -0.419, -0.328, 0.043
9.018, -0.417, -0.330, 0.044
9.034, -0.415, -0.331, 0.043
9.051, -0.414, -0.332, 0.043
9.067, -0.412, -0.333, 0.045
9.084, -0.408, -0.335, 0.044
9.101, -0.408, -0.336, 0.044
9.117, -0.403, -0.339, 0.043
9.134, -0.400, -0.339, 0.046
9.151, -0.399, -0.341, 0.044
9.167, -0.395, -0.342, 0.044
9.184, -0.389, -0.345, 0.045
9.201, -0.388, -0.347, 0.043
9.217, -0.380, -0.349, 0.045
9.234, -0.375, -0.352, 0.044
9.251, -0.373, -0.353, 0.043
9.267, -0.368, -0.356, 0.042
9.284, -0.360, -0.359, 0.043
9.301, -0.357, -0.360, 0.043
9.317, -0.348, -0.364, 0.044
9.334, -0.342, -0.367, 0.044
9.351, -0.339, -0.369, 0.044
9.367, -0.333, -0.371, 0.044
9.384, -0.322, -0.376, 0.045
9.401, -0.318, -0.377, 0.045
9.417, -0.308, -0.382, 0.045
9.434, -0.299, -0.386, 0.046
9.451, -0.295, -0.387, 0.046
9.467, -0.287, -0.391, 0.046
9.484, -0.274, -0.397, 0.046
9.501, -0.269, -0.399, 0.046
9.517, -0.255, -0.405, 0.046
9.534, -0.246, -0.410, 0.044
9.551, -0.240, -0.411, 0.045
9.567, -0.229, -0.416, 0.046
9.584, -0.213, -0.423, 0.046
9.601, -0.208, -0.425, 0.047
9.618, -0.191, -0.432, 0.048
9.635, -0.179, -0.437, 0.049
9.651, -0.173, -0.439, 0.050
9.667, -0.160, -0.444, 0.051
9.684, -0.142, -0.451, 0.054
9.701, -0.135, -0.454, 0.054
9.720, -0.123, -0.458, 0.056
9.734, -0.104, -0.465, 0.059
9.751, -0.098, -0.467, 0.059
9.767, -0.085, -0.472, 0.062
9.784, -0.067, -0.479, 0.064
9.801, -0.061, -0.481, 0.065
9.818, -0.042, -0.488, 0.070
9.834, -0.031, -0.492, 0.072
9.851, -0.026, -0.494, 0.073
9.868, -0.015, -0.498, 0.077
9.884, 0.001, -0.504, 0.081
9.901, 0.006, -0.505, 0.084
9.917, 0.020, -0.510, 0.089
9.934, 0.029, -0.512, 0.093
9.951, 0.033, -0.513, 0.095
9.967, 0.042, -0.515, 0.100
9.984, 0.053, -0.517, 0.107
10.001, 0.056, -0.518, 0.109
10.017, 0.066, -0.519, 0.117
10.034, 0.071, -0.519, 0.122
10.051, 0.074, -0.519, 0.125
10.068, 0.079, -0.519, 0.131
10.084, 0.084, -0.517, 0.139
10.101, 0.087, -0.516, 0.142
10.117, 0.091, -0.513, 0.151
10.134, 0.093, -0.511, 0.157
10.151, 0.093, -0.510, 0.160
10.168, 0.095, -0.507, 0.166
10.184, 0.096, -0.501, 0.176
10.201, 0.097, -0.499, 0.180
10.218, 0.096, -0.492, 0.189
10.234, 0.095, -0.487, 0.196
10.251, 0.094, -0.484, 0.199
10.267, 0.092, -0.478, 0.205
10.284, 0.089, -0.469, 0.215
10.301, 0.087, -0.465, 0.218
10.317, 0.082, -0.455, 0.227
10.334, 0.078, -0.447, 0.233
10.351, 0.076, -0.443, 0.235
10.368, 0.070, -0.435, 0.242
10.384, 0.062, -0.422, 0.250
10.401, 0.059, -0.418, 0.253
10.417, 0.053, -0.409, 0.258
10.434, 0.042, -0.395, 0.265
10.451, 0.038, -0.390, 0.268
10.467, 0.031, -0.380, 0.273
10.484, 0.018, -0.365, 0.281
10.501, 0.013, -0.361, 0.282
10.517, 0.004, -0.350, 0.289
10.534, -0.011, -0.335, 0.296
10.551, -0.016, -0.329, 0.298
10.567, -0.027, -0.320, 0.301
10.584, -0.044, -0.304, 0.309
10.601, -0.050, -0.299, 0.312
10.618, -0.069, -0.284, 0.318
10.634, -0.082, -0.274, 0.322
10.651, -0.089, -0.269, 0.325
10.667, -0.102, -0.259, 0.329
10.684, -0.123, -0.244, 0.335
10.701, -0.130, -0.239, 0.337
10.717, -0.145, -0.230, 0.341
10.734, -0.168, -0.216, 0.346
10.750, -0.175, -0.212, 0.348
10.767, -0.191, -0.203, 0.351
10.784, -0.214, -0.190, 0.356
10.801, -0.223, -0.186, 0.355
10.817, -0.239, -0.178, 0.358
10.834, -0.263, -0.165, 0.362
10.851, -0.271, -0.161, 0.364
10.868, -0.287, -0.154, 0.365
10.884, -0.312, -0.143, 0.369
10.901, -0.320, -0.139, 0.370
10.917, -0.336, -0.132, 0.373
10.934, -0.360, -0.122, 0.376
10.951, -0.368, -0.119, 0.377
10.967, -0.383, -0.112, 0.379
10.984, -0.407, -0.103, 0.383
11.001, -0.414, -0.100, 0.384
11.018, -0.437, -0.091, 0.387
11.034, -0.451, -0.086, 0.390
11.051, -0.459, -0.083, 0.391
11.067, -0.473, -0.078, 0.393
11.084, -0.493, -0.071, 0.396
11.101, -0.500, -0.068, 0.397
11.118, -0.519, -0.061, 0.401
11.134, -0.532, -0.057, 0.403
11.151, -0.538, -0.055, 0.404
11.168, -0.550, -0.050, 0.406
11.184, -0.567, -0.044, 0.410
11.201, -0.573, -0.042, 0.411
11.218, -0.588, -0.037, 0.414
11.234, -0.598, -0.033, 0.417
11.251, -0.603, -0.031, 0.418
11.267, -0.612, -0.028, 0.420
11.284, -0.626, -0.023, 0.424
11.301, -0.630, -0.021, 0.425
11.317, -0.638, -0.018, 0.427
11.334, -0.650, -0.013, 0.431
11.351, -0.653, -0.011, 0.432
11.368, -0.660, -0.009, 0.435
11.384, -0.671, -0.004, 0.438
11.401, -0.673, -0.003, 0.440
11.417, -0.682, 0.001, 0.443
11.434, -0.688, 0.003, 0.446
11.451, -0.690, 0.005, 0.447
11.467, -0.695, 0.007, 0.449
11.484, -0.702, 0.010, 0.453
11.501, -0.704, 0.012, 0.454
11.517, -0.710, 0.015, 0.457
11.534, -0.713, 0.017, 0.459
11.551, -0.715, 0.018, 0.460
11.568, -0.718, 0.020, 0.462
11.584, -0.723, 0.022, 0.465
11.601, -0.724, 0.024, 0.466
11.618, -0.727, 0.026, 0.469
11.634, -0.729, 0.027, 0.471
11.651, -0.730, 0.028, 0.471
11.667, -0.733, 0.030, 0.473
11.685, -0.735, 0.032, 0.475
11.701, -0.736, 0.032, 0.476
11.717, -0.738, 0.034, 0.478
11.734, -0.739, 0.035, 0.479
11.751, -0.740, 0.036, 0.479
11.767, -0.741, 0.037, 0.480
11.784, -0.743, 0.038, 0.482
11.801, -0.743, 0.039, 0.482
11.817, -0.744, 0.040, 0.483
11.834, -0.745, 0.041, 0.484
11.851, -0.746, 0.041, 0.484
11.868, -0.747, 0.042, 0.485
11.885, -0.748, 0.043, 0.486
11.901, -0.748, 0.043, 0.486
11.917, -0.749, 0.044, 0.487
11.934, -0.750, 0.044, 0.487
11.951, -0.750, 0.044, 0.487
11.967, -0.751, 0.045, 0.487
11.984, -0.752, 0.045, 0.488
12.001, -0.753, 0.045, 0.488
12.017, -0.754, 0.046, 0.488
12.034, -0.755, 0.046, 0.488
12.051, -0.756, 0.046, 0.489
12.067, -0.757, 0.046, 0.489
12.085, -0.758, 0.047, 0.489
12.101, -0.759, 0.047, 0.489
12.117, -0.761, 0.047, 0.489
12.134, -0.762, 0.047, 0.489
12.151, -0.763, 0.047, 0.489
12.168, -0.764, 0.047, 0.488
12.184, -0.766, 0.047, 0.489
12.201, -0.767, 0.047, 0.489
12.218, -0.769, 0.048, 0.489
12.234, -0.770, 0.048, 0.489
12.251, -0.771, 0.048, 0.489
12.267, -0.772, 0.048, 0.489
12.284, -0.775, 0.048, 0.488
12.300, -0.776, 0.048, 0.488
12.317, -0.778, 0.048, 0.488
12.334, -0.780, 0.049, 0.488
12.350, -0.781, 0.049, 0.488
12.367, -0.782, 0.049, 0.488
12.384, -0.786, 0.049, 0.486
12.401, -0.786, 0.050, 0.487
12.418, -0.788, 0.050, 0.487
12.434, -0.790, 0.050, 0.487
12.451, -0.792, 0.051, 0.486
12.467, -0.793, 0.051, 0.486
12.484, -0.795, 0.051, 0.486
12.501, -0.797, 0.051, 0.485
12.518, -0.799, 0.052, 0.485
12.534, -0.800, 0.052, 0.485
12.551, -0.801, 0.053, 0.484
12.568, -0.803, 0.053, 0.484
12.584, -0.805, 0.054, 0.483
12.601, -0.807, 0.054, 0.483
12.617, -0.809, 0.054, 0.482
12.634, -0.810, 0.055, 0.482
12.651, -0.811, 0.055, 0.481
12.668, -0.813, 0.055, 0.481
12.684, -0.815, 0.056, 0.480
12.701, -0.816, 0.056, 0.480
12.718, -0.818, 0.057, 0.479
12.734, -0.820, 0.057, 0.478
12.751, -0.820, 0.057, 0.478
12.767, -0.822, 0.057, 0.478
12.784, -0.824, 0.058, 0.477
12.801, -0.824, 0.058, 0.477
12.817, -0.826, 0.058, 0.476
12.834, -0.827, 0.058, 0.475
12.851, -0.828, 0.058, 0.475
12.868, -0.829, 0.058, 0.474
12.885, -0.830, 0.058, 0.474
12.901, -0.831, 0.058, 0.474
12.918, -0.832, 0.058, 0.473
12.935, -0.833, 0.058, 0.473
12.951, -0.833, 0.058, 0.472
12.968, -0.834, 0.058, 0.472
12.984, -0.835, 0.057, 0.471
13.001, -0.835, 0.057, 0.471
13.018, -0.836, 0.057, 0.470
13.034, -0.837, 0.057, 0.470
13.050, -0.837, 0.057, 0.470
13.067, -0.838, 0.056, 0.469
13.084, -0.838, 0.056, 0.468
13.101, -0.838, 0.055, 0.469
13.117, -0.840, 0.054, 0.467
13.134, -0.840, 0.054, 0.467
13.150, -0.840, 0.054, 0.467
13.168, -0.841, 0.053, 0.467
13.184, -0.841, 0.052, 0.466
13.201, -0.841, 0.052, 0.466
13.217, -0.842, 0.051, 0.465
13.234, -0.842, 0.051, 0.465
13.250, -0.842, 0.050, 0.465
13.267, -0.843, 0.049, 0.465
13.284, -0.843, 0.048, 0.464
13.301, -0.843, 0.048, 0.464
13.317, -0.844, 0.046, 0.464
13.334, -0.844, 0.046, 0.464
13.351, -0.844, 0.045, 0.463
13.368, -0.845, 0.044, 0.463
13.384, -0.845, 0.043, 0.463
13.401, -0.845, 0.042, 0.463
13.417, -0.845, 0.041, 0.463
13.434, -0.846, 0.040, 0.462
13.451, -0.846, 0.039, 0.462
13.467, -0.846, 0.038, 0.462
13.484, -0.847, 0.037, 0.462
13.501, -0.847, 0.036, 0.462
13.517, -0.847, 0.034, 0.462
13.534, -0.848, 0.033, 0.461
13.551, -0.848, 0.033, 0.461
13.567, -0.848, 0.031, 0.462
13.584, -0.849, 0.029, 0.461
13.601, -0.849, 0.029, 0.461
13.617, -0.850, 0.027, 0.461
13.634, -0.850, 0.026, 0.461
13.651, -0.851, 0.025, 0.461
13.667, -0.851, 0.024, 0.461
13.684, -0.852, 0.023, 0.461
13.701, -0.852, 0.022, 0.461
13.717, -0.852, 0.021, 0.460
13.734, -0.853, 0.019, 0.460
13.751, -0.853, 0.019, 0.461
13.768, -0.854, 0.018, 0.460
13.784, -0.855, 0.016, 0.460
13.801, -0.855, 0.016, 0.460
13.817, -0.856, 0.014, 0.460
13.835, -0.857, 0.014, 0.460
13.851, -0.857, 0.013, 0.460
13.868, -0.857, 0.012, 0.460
13.884, -0.859, 0.011, 0.459
13.902, -0.859, 0.011, 0.459
13.917, -0.860, 0.010, 0.459
13.934, -0.860, 0.009, 0.459
13.951, -0.861, 0.009, 0.459
13.968, -0.862, 0.009, 0.458
13.984, -0.863, 0.008, 0.458
14.001, -0.863, 0.008, 0.458
14.017, -0.864, 0.007, 0.458
14.034, -0.866, 0.007, 0.458
14.051, -0.866, 0.007, 0.457
14.068, -0.866, 0.006, 0.457
14.084, -0.867, 0.006, 0.457
14.101, -0.868, 0.006, 0.457
14.117, -0.869, 0.005, 0.456
14.134, -0.870, 0.005, 0.456
14.151, -0.870, 0.005, 0.456
14.167, -0.871, 0.005, 0.456
14.184, -0.872, 0.005, 0.455
14.201, -0.872, 0.005, 0.455
14.217, -0.873, 0.005, 0.455
14.234, -0.874, 0.005, 0.455
14.251, -0.874, 0.005, 0.454
14.267, -0.875, 0.005, 0.454
14.284, -0.875, 0.006, 0.454
14.301, -0.875, 0.006, 0.453
14.318, -0.876, 0.006, 0.453
14.335, -0.877, 0.006, 0.453
14.351, -0.877, 0.006, 0.453
14.368, -0.877, 0.006, 0.452
14.385, -0.878, 0.006, 0.452
14.402, -0.878, 0.007, 0.452
14.417, -0.878, 0.007, 0.452
14.434, -0.878, 0.007, 0.451
14.451, -0.878, 0.007, 0.452
14.469, -0.879, 0.007, 0.451
14.484, -0.879, 0.007, 0.451
14.501, -0.879, 0.008, 0.451
14.517, -0.879, 0.008, 0.452
14.534, -0.879, 0.008, 0.451
14.551, -0.879, 0.008, 0.452
14.568, -0.879, 0.008, 0.452
14.584, -0.879, 0.008, 0.452
14.601, -0.879, 0.009, 0.452
14.618, -0.878, 0.009, 0.453
14.635, -0.879, 0.009, 0.453
14.651, -0.878, 0.009, 0.453
14.668, -0.878, 0.009, 0.453
14.684, -0.878, 0.010, 0.453
14.701, -0.878, 0.010, 0.453
14.717, -0.878, 0.010, 0.454
14.736, -0.877, 0.010, 0.454
14.752, -0.877, 0.010, 0.454
14.768, -0.877, 0.010, 0.454
14.784, -0.876, 0.010, 0.455
14.801, -0.876, 0.010, 0.455
14.818, -0.876, 0.010, 0.455
14.834, -0.875, 0.010, 0.456
14.851, -0.875, 0.010, 0.455
14.868, -0.875, 0.010, 0.456
14.885, -0.874, 0.010, 0.456
14.901, -0.874, 0.010, 0.456
14.918, -0.873, 0.010, 0.457
14.935, -0.873, 0.010, 0.457
14.952, -0.873, 0.010, 0.457
14.968, -0.873, 0.011, 0.456
14.984, -0.873, 0.011, 0.457
15.001, -0.873, 0.011, 0.457
15.018, -0.872, 0.011, 0.457
15.034, -0.872, 0.011, 0.457
15.051, -0.871, 0.011, 0.457
15.068, -0.871, 0.011, 0.457
15.084, -0.871, 0.011, 0.457
15.101, -0.870, 0.011, 0.457
15.118, -0.870, 0.011, 0.457
15.135, -0.870, 0.011, 0.457
15.151, -0.870, 0.011, 0.457
15.168, -0.869, 0.011, 0.457
15.184, -0.869, 0.011, 0.457
15.201, -0.869, 0.011, 0.457
15.217, -0.868, 0.011, 0.456
15.235, -0.868, 0.011, 0.456
15.251, -0.868, 0.011, 0.456
15.268, -0.867, 0.011, 0.456
15.284, -0.867, 0.011, 0.456
15.301, -0.867, 0.011, 0.456
15.318, -0.867, 0.012, 0.455
15.335, -0.866, 0.011, 0.455
15.351, -0.866, 0.012, 0.455
15.368, -0.866, 0.012, 0.454
15.384, -0.865, 0.012, 0.454
15.402, -0.865, 0.012, 0.454
15.418, -0.865, 0.012, 0.453
15.434, -0.864, 0.012, 0.453
15.451, -0.864, 0.012, 0.453
15.468, -0.863, 0.012, 0.452
15.484, -0.863, 0.012, 0.452
15.501, -0.863, 0.012, 0.452
15.517, -0.862, 0.012, 0.451
15.534, -0.862, 0.012, 0.451
15.551, -0.862, 0.012, 0.450
15.567, -0.861, 0.013, 0.450
15.584, -0.861, 0.013, 0.449
15.601, -0.860, 0.013, 0.449
15.617, -0.860, 0.014, 0.448
15.634, -0.859, 0.014, 0.448
15.651, -0.859, 0.015, 0.448
15.668, -0.859, 0.015, 0.448
15.685, -0.858, 0.016, 0.448
15.701, -0.857, 0.016, 0.447
15.718, -0.856, 0.017, 0.447
15.735, -0.856, 0.017, 0.447
15.751, -0.855, 0.017, 0.447
15.768, -0.855, 0.018, 0.447
15.785, -0.855, 0.019, 0.446
15.801, -0.854, 0.019, 0.446
15.818, -0.853, 0.020, 0.446
15.834, -0.853, 0.021, 0.446
15.851, -0.852, 0.021, 0.446
15.868, -0.852, 0.021, 0.446
15.884, -0.850, 0.023, 0.447
15.901, -0.850, 0.023, 0.447
15.917, -0.849, 0.024, 0.447
15.934, -0.848, 0.025, 0.447
15.951, -0.848, 0.025, 0.447
15.968, -0.848, 0.026, 0.448
15.984, -0.846, 0.027, 0.448
16.001, -0.846, 0.027, 0.448
16.017, -0.845, 0.028, 0.449
16.034, -0.844, 0.029, 0.449
16.051, -0.844, 0.029, 0.449
16.068, -0.843, 0.030, 0.449
16.084, -0.842, 0.031, 0.449
16.101, -0.842, 0.031, 0.449
16.117, -0.841, 0.032, 0.449
16.134, -0.840, 0.032, 0.449
16.151, -0.840, 0.033, 0.449
16.168, -0.839, 0.033, 0.449
16.184, -0.838, 0.034, 0.449
16.201, -0.837, 0.034, 0.449
16.217, -0.836, 0.034, 0.450
16.234, -0.836, 0.035, 0.449
16.251, -0.835, 0.035, 0.450
16.267, -0.834, 0.035, 0.450
16.284, -0.833, 0.035, 0.449
16.301, -0.833, 0.035, 0.449
16.317, -0.832, 0.035, 0.449
16.335, -0.831, 0.035, 0.449
16.351, -0.831, 0.035, 0.448
16.368, -0.831, 0.035, 0.448
16.384, -0.830, 0.034, 0.448
16.401, -0.830, 0.034, 0.448
16.417, -0.830, 0.034, 0.447
16.434, -0.829, 0.034, 0.447
16.452, -0.829, 0.034, 0.446
16.468, -0.829, 0.033, 0.446
16.484, -0.829, 0.033, 0.445
16.501, -0.829, 0.033, 0.445
16.517, -0.830, 0.032, 0.445
16.535, -0.829, 0.032, 0.444
16.551, -0.829, 0.031, 0.444
16.568, -0.829, 0.031, 0.444
16.586, -0.830, 0.030, 0.443
16.601, -0.830, 0.030, 0.443
16.617, -0.831, 0.029, 0.442
16.634, -0.831, 0.028, 0.442
16.650, -0.831, 0.028, 0.442
16.668, -0.832, 0.027, 0.441
16.684, -0.833, 0.027, 0.441
16.701, -0.833, 0.026, 0.441
16.717, -0.834, 0.026, 0.440
16.734, -0.835, 0.025, 0.440
16.750, -0.834, 0.025, 0.440
16.767, -0.835, 0.025, 0.440
16.784, -0.836, 0.024, 0.439
16.801, -0.836, 0.024, 0.439
16.817, -0.837, 0.023, 0.439
16.834, -0.838, 0.023, 0.438
16.850, -0.838, 0.023, 0.438
16.867, -0.838, 0.023, 0.438
16.884, -0.839, 0.022, 0.438
16.901, -0.840, 0.022, 0.438
16.917, -0.840, 0.022, 0.438
16.934, -0.841, 0.022, 0.437
16.950, -0.841, 0.022, 0.437
16.967, -0.841, 0.022, 0.437
16.984, -0.842, 0.022, 0.437
17.001, -0.842, 0.022, 0.437
17.017, -0.843, 0.022, 0.436
17.034, -0.843, 0.022, 0.435
17.050, -0.843, 0.022, 0.436
17.067, -0.843, 0.023, 0.435
17.084, -0.844, 0.023, 0.435
17.101, -0.843, 0.023, 0.435
17.117, -0.843, 0.024, 0.434
17.134, -0.844, 0.024, 0.434
17.151, -0.844, 0.024, 0.434
17.167, -0.843, 0.025, 0.434
17.184, -0.844, 0.025, 0.433
17.201, -0.843, 0.025, 0.433
17.217, -0.843, 0.026, 0.433
17.234, -0.842, 0.027, 0.433
17.250, -0.842, 0.027, 0.433
17.267, -0.841, 0.027, 0.433
17.284, -0.841, 0.028, 0.433
17.301, -0.840, 0.028, 0.433
17.317, -0.839, 0.028, 0.434
17.334, -0.838, 0.029, 0.434
17.350, -0.838, 0.029, 0.434
17.367, -0.837, 0.029, 0.434
17.384, -0.837, 0.030, 0.433
17.400, -0.836, 0.030, 0.434
17.417, -0.835, 0.031, 0.433
17.434, -0.834, 0.031, 0.433
17.451, -0.833, 0.031, 0.433
17.467, -0.832, 0.031, 0.433
17.484, -0.830, 0.032, 0.432
17.500, -0.829, 0.032, 0.432
17.517, -0.828, 0.032, 0.432
17.534, -0.826, 0.032, 0.432
17.553, -0.825, 0.032, 0.431
17.567, -0.825, 0.033, 0.431
17.584, -0.823, 0.033, 0.430
17.600, -0.822, 0.033, 0.430
17.617, -0.819, 0.033, 0.429
17.634, -0.818, 0.033, 0.429
17.650, -0.817, 0.033, 0.428
17.667, -0.816, 0.033, 0.428
17.684, -0.813, 0.032, 0.428
17.700, -0.813, 0.032, 0.427
17.717, -0.810, 0.032, 0.427
17.734, -0.809, 0.032, 0.426
17.751, -0.808, 0.031, 0.426
17.767, -0.807, 0.031, 0.425
17.784, -0.805, 0.030, 0.425
17.800, -0.804, 0.031, 0.425
17.817, -0.801, 0.029, 0.425
17.834, -0.800, 0.029, 0.424
17.850, -0.800, 0.029, 0.424
17.867, -0.798, 0.028, 0.424
17.884, -0.796, 0.027, 0.423
17.901, -0.796, 0.027, 0.424
17.917, -0.793, 0.025, 0.423
17.934, -0.793, 0.025, 0.423
17.950, -0.792, 0.024, 0.423
17.967, -0.791, 0.023, 0.423
17.984, -0.789, 0.022, 0.423
18.001, -0.788, 0.021, 0.423
18.017, -0.787, 0.020, 0.423
18.034, -0.785, 0.018, 0.423
18.051, -0.784, 0.018, 0.423
18.067, -0.784, 0.017, 0.423
18.084, -0.782, 0.015, 0.422
18.100, -0.781, 0.014, 0.422
18.117, -0.779, 0.013, 0.422
18.134, -0.779, 0.011, 0.422
18.151, -0.778, 0.011, 0.422
18.167, -0.777, 0.009, 0.422
18.184, -0.775, 0.007, 0.422
18.201, -0.775, 0.007, 0.421
18.217, -0.774, 0.005, 0.422
18.234, -0.773, 0.003, 0.421
18.251, -0.772, 0.003, 0.422
18.267, -0.771, 0.002, 0.422
18.284, -0.770, -0.000, 0.422
18.301, -0.769, -0.001, 0.422
18.317, -0.768, -0.003, 0.422
18.334, -0.767, -0.004, 0.422
18.351, -0.766, -0.004, 0.422
18.367, -0.766, -0.005, 0.422
18.384, -0.764, -0.007, 0.422
18.401, -0.764, -0.007, 0.422
18.419, -0.762, -0.009, 0.423
18.434, -0.761, -0.009, 0.423
18.451, -0.761, -0.010, 0.423
18.467, -0.760, -0.010, 0.423
18.488, -0.758, -0.011, 0.423
18.501, -0.757, -0.012, 0.423
18.517, -0.756, -0.013, 0.423
18.534, -0.754, -0.013, 0.423
18.552, -0.754, -0.013, 0.423
18.567, -0.752, -0.014, 0.424
18.584, -0.750, -0.014, 0.424
18.601, -0.749, -0.015, 0.424
18.617, -0.747, -0.015, 0.424
18.634, -0.746, -0.015, 0.424
18.651, -0.745, -0.015, 0.423
18.667, -0.743, -0.016, 0.423
18.684, -0.741, -0.016, 0.423
18.701, -0.740, -0.016, 0.423
18.717, -0.738, -0.016, 0.423
18.734, -0.736, -0.016, 0.423
18.751, -0.735, -0.016, 0.423
18.767, -0.734, -0.016, 0.423
18.784, -0.731, -0.016, 0.422
18.801, -0.730, -0.015, 0.422
18.817, -0.728, -0.015, 0.422
18.834, -0.727, -0.015, 0.421
18.851, -0.726, -0.015, 0.421
18.867, -0.724, -0.015, 0.421
18.884, -0.722, -0.014, 0.421
18.901, -0.721, -0.014, 0.421
18.917, -0.720, -0.014, 0.420
18.934, -0.718, -0.013, 0.420
18.951, -0.718, -0.013, 0.419
18.967, -0.717, -0.013, 0.419
18.984, -0.715, -0.012, 0.418
19.001, -0.714, -0.012, 0.417
19.017, -0.712, -0.011, 0.417
19.034, -0.711, -0.011, 0.416
19.051, -0.710, -0.011, 0.415
19.067, -0.709, -0.011, 0.415
19.084, -0.708, -0.010, 0.413
19.101, -0.707, -0.010, 0.413
19.117, -0.705, -0.010, 0.411
19.134, -0.705, -0.010, 0.410
19.151, -0.704, -0.010, 0.410
19.167, -0.703, -0.010, 0.409
19.184, -0.701, -0.010, 0.408
19.201, -0.700, -0.010, 0.407
19.217, -0.698, -0.010, 0.406
19.234, -0.697, -0.011, 0.405
19.251, -0.696, -0.011, 0.404
19.267, -0.695, -0.011, 0.403
19.284, -0.693, -0.012, 0.402
19.301, -0.692, -0.012, 0.402
19.317, -0.690, -0.013, 0.400
19.334, -0.689, -0.013, 0.400
19.351, -0.688, -0.013, 0.399
19.367, -0.687, -0.014, 0.399
19.384, -0.685, -0.015, 0.398
19.401, -0.684, -0.015, 0.397
19.417, -0.682, -0.016, 0.397
19.434, -0.680, -0.017, 0.396
19.450, -0.680, -0.017, 0.396
19.467, -0.678, -0.018, 0.396
19.484, -0.676, -0.019, 0.395
19.501, -0.675, -0.020, 0.395
19.517, -0.673, -0.021, 0.395
19.534, -0.672, -0.021, 0.394
19.551, -0.671, -0.022, 0.394
19.567, -0.669, -0.023, 0.394
19.584, -0.667, -0.024, 0.394
19.601, -0.667, -0.024, 0.394
19.617, -0.664, -0.025, 0.394
19.634, -0.664, -0.026, 0.394
19.651, -0.662, -0.027, 0.395
19.668, -0.661, -0.028, 0.395
19.684, -0.659, -0.029, 0.395
19.701, -0.658, -0.029, 0.394
19.717, -0.656, -0.030, 0.395
19.734, -0.655, -0.031, 0.395
19.750, -0.654, -0.031, 0.396
19.767, -0.653, -0.032, 0.396
19.784, -0.651, -0.033, 0.396
19.800, -0.650, -0.034, 0.396
19.817, -0.648, -0.035, 0.397
19.834, -0.647, -0.035, 0.397
19.851, -0.646, -0.035, 0.397
19.867, -0.644, -0.036, 0.398
19.884, -0.643, -0.037, 0.399
19.901, -0.642, -0.037, 0.399
19.917, -0.639, -0.038, 0.399
19.934, -0.638, -0.039, 0.399
19.955, -0.637, -0.039, 0.400
19.967, -0.636, -0.040, 0.400
19.984, -0.633, -0.041, 0.400
20.001, -0.632, -0.041, 0.400
20.017, -0.630, -0.042, 0.401
20.034, -0.628, -0.043, 0.401
20.051, -0.628, -0.043, 0.401
20.067, -0.626, -0.044, 0.401
20.084, -0.623, -0.045, 0.402
20.100, -0.622, -0.046, 0.402
20.117, -0.620, -0.047, 0.402
20.134, -0.618, -0.048, 0.402
20.151, -0.617, -0.048, 0.402
20.168, -0.616, -0.049, 0.402
20.184, -0.613, -0.050, 0.402
20.201, -0.612, -0.050, 0.402
20.217, -0.609, -0.052, 0.402
20.234, -0.608, -0.052, 0.403
20.251, -0.607, -0.053, 0.402
20.268, -0.605, -0.054, 0.403
20.284, -0.604, -0.054, 0.403
20.301, -0.602, -0.055, 0.402
20.317, -0.600, -0.056, 0.403
20.334, -0.598, -0.057, 0.402
20.351, -0.597, -0.057, 0.403
20.367, -0.596, -0.058, 0.403
20.384, -0.594, -0.059, 0.403
20.401, -0.593, -0.059, 0.403
20.417, -0.590, -0.060, 0.403
20.434, -0.589, -0.061, 0.403
20.451, -0.588, -0.061, 0.403
20.467, -0.587, -0.062, 0.403
20.484, -0.585, -0.063, 0.403
20.501, -0.584, -0.063, 0.403
20.517, -0.583, -0.065, 0.403
20.534, -0.581, -0.065, 0.404
20.551, -0.581, -0.065, 0.403
20.567, -0.579, -0.066, 0.404
20.584, -0.578, -0.067, 0.404
20.601, -0.577, -0.067, 0.404
20.618, -0.576, -0.068, 0.404
20.634, -0.575, -0.068, 0.404
20.651, -0.574, -0.068, 0.404
20.667, -0.573, -0.069, 0.405
20.684, -0.572, -0.069, 0.405
20.701, -0.572, -0.070, 0.405
20.717, -0.570, -0.070, 0.406
20.734, -0.570, -0.070, 0.406
20.751, -0.570, -0.071, 0.406
20.767, -0.569, -0.071, 0.406
20.784, -0.568, -0.071, 0.407
20.801, -0.568, -0.072, 0.407
20.817, -0.566, -0.072, 0.407
20.834, -0.566, -0.073, 0.407
20.851, -0.566, -0.073, 0.407
20.867, -0.565, -0.073, 0.407
20.884, -0.565, -0.074, 0.407
20.901, -0.564, -0.074, 0.406
20.917, -0.564, -0.075, 0.406
20.934, -0.564, -0.076, 0.405
20.951, -0.564, -0.076, 0.405
20.967, -0.563, -0.077, 0.404
20.984, -0.563, -0.078, 0.403
21.001, -0.563, -0.079, 0.402
21.017, -0.563, -0.080, 0.400
21.034, -0.563, -0.081, 0.399
21.051, -0.563, -0.082, 0.398
21.067, -0.563, -0.083, 0.397
21.084, -0.563, -0.085, 0.394
21.101, -0.563, -0.085, 0.393
21.117, -0.563, -0.087, 0.391
21.134, -0.563, -0.088, 0.389
21.151, -0.564, -0.088, 0.388
21.167, -0.564, -0.089, 0.386
21.184, -0.564, -0.091, 0.384
21.201, -0.564, -0.091, 0.383
21.217, -0.564, -0.093, 0.381
21.234, -0.564, -0.094, 0.379
21.251, -0.564, -0.094, 0.378
21.267, -0.564, -0.095, 0.377
21.284, -0.564, -0.096, 0.375
21.301, -0.564, -0.096, 0.375
21.317, -0.564, -0.097, 0.373
21.334, -0.564, -0.097, 0.372
21.351, -0.564, -0.098, 0.371
21.367, -0.564, -0.098, 0.370
21.384, -0.564, -0.099, 0.369
21.401, -0.565, -0.099, 0.369
21.417, -0.565, -0.099, 0.368
21.434, -0.565, -0.100, 0.367
21.451, -0.565, -0.100, 0.367
21.467, -0.565, -0.100, 0.367
21.484, -0.566, -0.101, 0.366
21.501, -0.566, -0.101, 0.366
21.517, -0.566, -0.101, 0.366
21.534, -0.566, -0.102, 0.366
21.551, -0.566, -0.102, 0.366
21.567, -0.567, -0.103, 0.366
21.584, -0.566, -0.103, 0.367
21.601, -0.566, -0.104, 0.367
21.617, -0.567, -0.105, 0.368
21.634, -0.566, -0.105, 0.368
21.651, -0.566, -0.106, 0.369
21.667, -0.566, -0.107, 0.369
21.684, -0.566, -0.108, 0.370
21.701, -0.566, -0.109, 0.370
21.717, -0.566, -0.111, 0.370
21.734, -0.566, -0.112, 0.371
21.751, -0.566, -0.113, 0.371
21.767, -0.565, -0.114, 0.371
21.784, -0.565, -0.116, 0.372
21.801, -0.565, -0.117, 0.372
21.817, -0.564, -0.119, 0.373
21.834, -0.564, -0.121, 0.374
21.851, -0.564, -0.122, 0.374
21.867, -0.563, -0.123, 0.374
21.884, -0.563, -0.126, 0.375
21.901, -0.563, -0.127, 0.376
21.917, -0.563, -0.130, 0.376
21.934, -0.562, -0.131, 0.377
21.951, -0.563, -0.132, 0.377
21.967, -0.563, -0.134, 0.378
21.984, -0.563, -0.136, 0.379
22.001, -0.563, -0.137, 0.379
22.017, -0.563, -0.140, 0.380
22.034, -0.564, -0.141, 0.381
22.051, -0.564, -0.142, 0.381
22.067, -0.564, -0.143, 0.381
22.084, -0.565, -0.146, 0.382
22.101, -0.565, -0.146, 0.382
22.117, -0.566, -0.149, 0.383
22.134, -0.567, -0.150, 0.383
22.151, -0.567, -0.151, 0.384
22.167, -0.568, -0.152, 0.384
22.184, -0.568, -0.154, 0.385
22.201, -0.568, -0.155, 0.385
22.217, -0.570, -0.156, 0.385
22.234, -0.571, -0.158, 0.385
22.251, -0.571, -0.158, 0.385
22.267, -0.571, -0.159, 0.385
22.284, -0.572, -0.161, 0.385
22.301, -0.573, -0.162, 0.385
22.317, -0.574, -0.164, 0.385
22.334, -0.574, -0.165, 0.385
22.351, -0.575, -0.165, 0.384
22.367, -0.575, -0.167, 0.384
22.384, -0.577, -0.168, 0.383
22.401, -0.577, -0.169, 0.383
22.420, -0.578, -0.170, 0.383
22.434, -0.579, -0.171, 0.383
22.451, -0.579, -0.172, 0.383
22.467, -0.580, -0.173, 0.382
22.484, -0.581, -0.174, 0.382
22.501, -0.581, -0.175, 0.382
22.517, -0.582, -0.176, 0.382
22.534, -0.583, -0.177, 0.382
22.551, -0.583, -0.177, 0.382
22.568, -0.584, -0.178, 0.382
22.584, -0.585, -0.180, 0.382
22.601, -0.585, -0.180, 0.382
22.617, -0.586, -0.181, 0.382
22.634, -0.587, -0.181, 0.382
22.651, -0.587, -0.182, 0.382
22.667, -0.588, -0.182, 0.382
22.684, -0.588, -0.183, 0.382
22.701, -0.589, -0.183, 0.382
22.717, -0.589, -0.184, 0.383
22.734, -0.590, -0.184, 0.383
22.751, -0.590, -0.184, 0.383
22.767, -0.590, -0.185, 0.384
22.784, -0.591, -0.185, 0.385
22.801, -0.592, -0.185, 0.385
22.817, -0.592, -0.185, 0.385
22.834, -0.593, -0.185, 0.386
22.851, -0.593, -0.185, 0.386
22.868, -0.593, -0.185, 0.387
22.884, -0.594, -0.185, 0.387
22.901, -0.594, -0.185, 0.388
22.918, -0.595, -0.185, 0.389
22.934, -0.595, -0.185, 0.389
22.951, -0.595, -0.185, 0.390
22.967, -0.596, -0.185, 0.391
22.984, -0.596, -0.186, 0.391
23.001, -0.596, -0.186, 0.392
23.017, -0.597, -0.185, 0.392
23.034, -0.597, -0.186, 0.392
23.051, -0.598, -0.186, 0.393
23.067, -0.598, -0.186, 0.392
23.084, -0.598, -0.186, 0.392
23.101, -0.599, -0.186, 0.391
23.117, -0.599, -0.186, 0.390
23.134, -0.599, -0.186, 0.389
23.151, -0.599, -0.186, 0.388
23.167, -0.599, -0.185, 0.387
23.184, -0.599, -0.185, 0.384
23.201, -0.599, -0.186, 0.382
23.217, -0.599, -0.185, 0.379
23.234, -0.598, -0.185, 0.377
23.251, -0.598, -0.185, 0.376
23.267, -0.598, -0.185, 0.374
23.284, -0.597, -0.184, 0.369
23.301, -0.597, -0.185, 0.367
23.317, -0.596, -0.185, 0.363
23.334, -0.596, -0.185, 0.360
23.351, -0.595, -0.184, 0.359
23.367, -0.594, -0.184, 0.356
23.384, -0.593, -0.184, 0.350
23.401, -0.593, -0.184, 0.348
23.417, -0.592, -0.184, 0.343
23.434, -0.590, -0.184, 0.341
23.451, -0.590, -0.184, 0.339
23.467, -0.589, -0.183, 0.336
23.484, -0.587, -0.183, 0.331
23.501, -0.587, -0.184, 0.328
23.517, -0.585, -0.183, 0.325
23.534, -0.584, -0.184, 0.321
23.551, -0.584, -0.185, 0.317
23.567, -0.582, -0.184, 0.316
23.584, -0.580, -0.185, 0.309
23.601, -0.580, -0.185, 0.309
23.617, -0.578, -0.185, 0.304
23.634, -0.577, -0.186, 0.300
23.650, -0.576, -0.186, 0.300
23.667, -0.575, -0.186, 0.297
23.684, -0.574, -0.187, 0.292
23.701, -0.573, -0.187, 0.290
23.717, -0.572, -0.188, 0.285
23.734, -0.571, -0.188, 0.284
23.751, -0.571, -0.189, 0.281
23.767, -0.570, -0.189, 0.278
23.784, -0.570, -0.190, 0.274
23.801, -0.570, -0.189, 0.274
23.817, -0.569, -0.190, 0.269
23.834, -0.569, -0.191, 0.266
23.851, -0.569, -0.190, 0.266
23.867, -0.569, -0.191, 0.264
23.884, -0.570, -0.191, 0.260
23.901, -0.569, -0.191, 0.259
23.917, -0.570, -0.191, 0.255
23.934, -0.570, -0.191, 0.253
23.951, -0.570, -0.191, 0.253
23.967, -0.570, -0.191, 0.249
23.984, -0.571, -0.190, 0.248
24.001, -0.571, -0.190, 0.247
24.017, -0.572, -0.189, 0.244
24.034, -0.572, -0.189, 0.242
24.051, -0.572, -0.188, 0.242
24.067, -0.573, -0.188, 0.240
24.084, -0.573, -0.187, 0.238
24.101, -0.573, -0.187, 0.237
24.117, -0.574, -0.186, 0.235
24.134, -0.574, -0.185, 0.233
24.150, -0.575, -0.186, 0.231
24.167, -0.575, -0.184, 0.231
24.184, -0.575, -0.183, 0.229
24.201, -0.576, -0.183, 0.228
24.217, -0.576, -0.182, 0.226
24.234, -0.576, -0.182, 0.225
24.251, -0.577, -0.182, 0.224
24.267, -0.576, -0.181, 0.223
24.284, -0.577, -0.181, 0.220
24.301, -0.577, -0.181, 0.220
24.317, -0.577, -0.181, 0.217
24.334, -0.576, -0.180, 0.216
24.351, -0.577, -0.180, 0.215
24.367, -0.576, -0.180, 0.213
24.384, -0.576, -0.181, 0.210
24.401, -0.576, -0.181, 0.210
24.417, -0.575, -0.181, 0.206
24.434, -0.575, -0.181, 0.204
24.451, -0.575, -0.181, 0.204
24.467, -0.575, -0.182, 0.201
24.484, -0.575, -0.182, 0.199
24.501, -0.575, -0.183, 0.197
24.517, -0.575, -0.183, 0.195
24.534, -0.575, -0.184, 0.193
24.551, -0.575, -0.184, 0.191
24.567, -0.575, -0.185, 0.190
24.584, -0.575, -0.186, 0.187
24.600, -0.575, -0.186, 0.185
24.617, -0.575, -0.187, 0.182
24.634, -0.575, -0.188, 0.180
24.651, -0.576, -0.188, 0.179
24.667, -0.576, -0.189, 0.177
24.684, -0.576, -0.190, 0.174
24.701, -0.576, -0.191, 0.172
24.717, -0.576, -0.191, 0.170
24.734, -0.576, -0.192, 0.168
24.751, -0.576, -0.192, 0.167
24.767, -0.576, -0.193, 0.165
24.784, -0.576, -0.194, 0.161
24.801, -0.576, -0.194, 0.161
24.817, -0.575, -0.194, 0.158
24.834, -0.576, -0.195, 0.155
24.851, -0.575, -0.196, 0.154
24.867, -0.575, -0.196, 0.153
24.884, -0.575, -0.197, 0.149
24.901, -0.575, -0.197, 0.149
24.917, -0.575, -0.198, 0.147
24.934, -0.574, -0.199, 0.144
24.951, -0.574, -0.199, 0.144
24.967, -0.574, -0.199, 0.142
24.984, -0.574, -0.200, 0.141
25.001, -0.574, -0.200, 0.140
25.017, -0.574, -0.201, 0.138
25.034, -0.574, -0.201, 0.137
25.051, -0.573, -0.202, 0.135
25.067, -0.573, -0.203, 0.134
25.084, -0.574, -0.203, 0.133
25.101, -0.574, -0.203, 0.132
25.117, -0.574, -0.204, 0.130
25.134, -0.574, -0.205, 0.130
25.151, -0.574, -0.205, 0.129
25.167, -0.574, -0.206, 0.128
25.184, -0.575, -0.206, 0.127
25.201, -0.575, -0.206, 0.127
25.217, -0.575, -0.207, 0.126
25.234, -0.575, -0.207, 0.125
25.251, -0.576, -0.207, 0.124
25.267, -0.576, -0.207, 0.122
25.284, -0.577, -0.207, 0.117
25.300, -0.577, -0.207, 0.115
25.317, -0.578, -0.206, 0.107
25.334, -0.580, -0.206, 0.098
25.351, -0.580, -0.206, 0.094
25.367, -0.582, -0.205, 0.083
25.384, -0.585, -0.205, 0.063
25.401, -0.586, -0.205, 0.056
25.417, -0.583, -0.207, 0.039
25.434, -0.575, -0.212, 0.037
25.451, -0.572, -0.212, 0.037
25.467, -0.569, -0.210, 0.038
25.484, -0.565, -0.211, 0.037
25.501, -0.564, -0.211, 0.037
25.517, -0.561, -0.211, 0.033
25.534, -0.562, -0.209, 0.032
25.550, -0.563, -0.210, 0.032
25.567, -0.563, -0.210, 0.032
25.584, -0.564, -0.211, 0.032
25.601, -0.564, -0.211, 0.031
25.617, -0.564, -0.211, 0.031
25.634, -0.564, -0.210, 0.030
25.651, -0.565, -0.210, 0.030
25.667, -0.564, -0.211, 0.031
25.684, -0.565, -0.210, 0.030
25.701, -0.565, -0.210, 0.030
25.717, -0.564, -0.211, 0.031
25.734, -0.565, -0.210, 0.030
25.751, -0.565, -0.211, 0.030
25.767, -0.564, -0.211, 0.031
25.784, -0.565, -0.210, 0.030
25.801, -0.564, -0.211, 0.031
25.817, -0.565, -0.211, 0.030
25.834, -0.565, -0.211, 0.030
25.850, -0.564, -0.211, 0.031
25.867, -0.564, -0.211, 0.031
25.884, -0.564, -0.211, 0.031
25.901, -0.564, -0.211, 0.031
25.917, -0.565, -0.211, 0.030
25.934, -0.565, -0.211, 0.030
25.951, -0.564, -0.211, 0.031
25.967, -0.565, -0.211, 0.030
25.984, -0.564, -0.211, 0.031
26.001, -0.564, -0.211, 0.031
26.017, -0.565, -0.211, 0.030
26.034, -0.564, -0.211, 0.031
26.051, -0.564, -0.211, 0.031
26.067, -0.565, -0.211, 0.030
26.084, -0.564, -0.211, 0.031
26.100, -0.564, -0.211, 0.031
26.117, -0.564, -0.211, 0.031
26.134, -0.564, -0.211, 0.031
26.151, -0.565, -0.211, 0.030
26.167, -0.565, -0.210, 0.030
26.184, -0.564, -0.211, 0.031
26.201, -0.565, -0.210, 0.030
26.217, -0.564, -0.211, 0.031
26.234, -0.564, -0.211, 0.031
26.251, -0.565, -0.211, 0.030
26.268, -0.564, -0.211, 0.031
26.284, -0.565, -0.210, 0.030
26.301, -0.565, -0.210, 0.030
26.317, -0.564, -0.211, 0.031
26.335, -0.564, -0.210, 0.030
26.350, -0.564, -0.210, 0.030
26.367, -0.564, -0.211, 0.031
26.384, -0.565, -0.211, 0.030
26.401, -0.564, -0.211, 0.031
26.417, -0.565, -0.210, 0.030
26.434, -0.564, -0.210, 0.030
26.451, -0.564, -0.211, 0.031
26.467, -0.564, -0.211, 0.030
26.484, -0.564, -0.211, 0.031
26.501, -0.564, -0.211, 0.031
26.517, -0.564, -0.211, 0.031
26.534, -0.564, -0.211, 0.030
26.551, -0.565, -0.210, 0.030
26.567, -0.564, -0.211, 0.031
26.584, -0.564, -0.211, 0.031
26.601, -0.564, -0.211, 0.031
26.617, -0.564, -0.211, 0.030
26.634, -0.564, -0.211, 0.031
26.651, -0.564, -0.211, 0.031
26.667, -0.564, -0.211, 0.030
26.684, -0.564, -0.211, 0.031
26.701, -0.564, -0.211, 0.031
26.717, -0.564, -0.211, 0.031
26.734, -0.564, -0.211, 0.031
26.751, -0.564, -0.211, 0.031
26.767, -0.564, -0.211, 0.031
26.784, -0.564, -0.211, 0.031
26.801, -0.565, -0.210, 0.030
26.817, -0.564, -0.211, 0.031
26.834, -0.565, -0.210, 0.030
26.851, -0.565, -0.211, 0.030
26.867, -0.564, -0.211, 0.031
26.884, -0.565, -0.210, 0.030
26.901, -0.564, -0.211, 0.031
26.917, -0.565, -0.211, 0.030
26.934, -0.565, -0.211, 0.030
26.951, -0.564, -0.211, 0.031
26.967, -0.565, -0.211, 0.030
26.984, -0.564, -0.211, 0.031
27.001, -0.564, -0.211, 0.030
27.017, -0.564, -0.211, 0.031
27.034, -0.564, -0.211, 0.030
27.051, -0.564, -0.211, 0.030
27.067, -0.564, -0.211, 0.031
27.084, -0.564, -0.211, 0.030
27.101, -0.564, -0.211, 0.030
27.117, -0.564, -0.211, 0.031
27.134, -0.564, -0.211, 0.031
27.151, -0.564, -0.211, 0.031
27.167, -0.564, -0.211, 0.031
27.184, -0.564, -0.211, 0.031
27.201, -0.564, -0.211, 0.031
27.218, -0.564, -0.211, 0.031
27.234, -0.564, -0.211, 0.031
27.251, -0.564, -0.211, 0.031
27.267, -0.564, -0.211, 0.031
27.284, -0.564, -0.211, 0.031
27.301, -0.564, -0.211, 0.030
27.317, -0.564, -0.211, 0.031
27.334, -0.564, -0.211, 0.031
27.351, -0.565, -0.211, 0.030
27.367, -0.564, -0.211, 0.031
27.384, -0.565, -0.210, 0.030
27.401, -0.564, -0.211, 0.031
27.417, -0.564, -0.211, 0.031
27.434, -0.565, -0.210, 0.030
27.450, -0.564, -0.211, 0.031
27.467, -0.564, -0.211, 0.031
27.484, -0.564, -0.211, 0.031
27.501, -0.564, -0.211, 0.031
27.517, -0.564, -0.211, 0.031
27.534, -0.564, -0.211, 0.031
27.551, -0.564, -0.211, 0.030
27.568, -0.565, -0.210, 0.030
27.584, -0.564, -0.211, 0.031
27.601, -0.564, -0.211, 0.030
27.617, -0.565, -0.211, 0.030
27.636, -0.564, -0.211, 0.031
27.651, -0.564, -0.210, 0.031
27.668, -0.564, -0.211, 0.030
27.685, -0.565, -0.211, 0.030
27.701, -0.564, -0.211, 0.031
27.718, -0.564, -0.211, 0.031
27.736, -0.564, -0.211, 0.031
27.751, -0.565, -0.211, 0.030
27.768, -0.564, -0.211, 0.031
27.784, -0.564, -0.211, 0.031
27.801, -0.564, -0.211, 0.031
27.817, -0.564, -0.211, 0.031
27.834, -0.564, -0.211, 0.031
27.851, -0.564, -0.211, 0.030
27.868, -0.565, -0.211, 0.030
27.884, -0.565, -0.210, 0.030
27.901, -0.565, -0.211, 0.030
27.917, -0.564, -0.211, 0.031
27.934, -0.565, -0.210, 0.030
27.951, -0.565, -0.211, 0.030
27.968, -0.564, -0.211, 0.031
27.984, -0.565, -0.211, 0.030
28.001, -0.564, -0.211, 0.031
28.017, -0.565, -0.211, 0.030
28.034, -0.565, -0.211, 0.030
28.051, -0.564, -0.211, 0.031
28.067, -0.564, -0.211, 0.031
28.084, -0.564, -0.211, 0.030
28.101, -0.564, -0.211, 0.031
28.117, -0.565, -0.211, 0.030
28.134, -0.564, -0.211, 0.031
28.151, -0.564, -0.211, 0.031
28.167, -0.564, -0.211, 0.031
28.184, -0.565, -0.211, 0.030
28.201, -0.564, -0.211, 0.031
28.218, -0.565, -0.211, 0.030
28.234, -0.564, -0.211, 0.031
28.251, -0.565, -0.211, 0.030
28.268, -0.564, -0.211, 0.031
28.284, -0.564, -0.211, 0.031
28.301, -0.564, -0.211, 0.031
28.318, -0.565, -0.211, 0.030
28.334, -0.564, -0.211, 0.031
28.351, -0.565, -0.211, 0.030
28.367, -0.565, -0.210, 0.030
28.384, -0.565, -0.211, 0.030
28.401, -0.565, -0.211, 0.030
28.417, -0.564, -0.211, 0.031
28.434, -0.564, -0.211, 0.030
28.451, -0.565, -0.211, 0.030
28.467, -0.564, -0.211, 0.031
28.484, -0.565, -0.210, 0.030
28.500, -0.564, -0.211, 0.031
28.517, -0.564, -0.211, 0.031
28.534, -0.565, -0.211, 0.030
28.551, -0.564, -0.211, 0.031
28.567, -0.564, -0.211, 0.031
28.584, -0.564, -0.211, 0.031
28.601, -0.564, -0.211, 0.031
28.617, -0.564, -0.211, 0.030
28.634, -0.564, -0.211, 0.031
28.650, -0.564, -0.211, 0.031
28.667, -0.564, -0.210, 0.030
28.684, -0.564, -0.211, 0.031
28.701, -0.564, -0.211, 0.031
28.717, -0.564, -0.211, 0.030
28.734, -0.564, -0.211, 0.031
28.751, -0.564, -0.211, 0.031
28.767, -0.564, -0.211, 0.031
28.784, -0.564, -0.211, 0.031
28.800, -0.564, -0.211, 0.031
28.817, -0.564, -0.211, 0.031
28.834, -0.564, -0.211, 0.030
28.851, -0.564, -0.211, 0.031
28.867, -0.565, -0.211, 0.030
28.884, -0.564, -0.211, 0.031
28.901, -0.565, -0.211, 0.030
28.917, -0.564, -0.211, 0.031
28.934, -0.564, -0.211, 0.031
28.951, -0.564, -0.211, 0.031
28.968, -0.564, -0.211, 0.031
28.984, -0.564, -0.211, 0.031
29.001, -0.564, -0.211, 0.031
29.017, -0.564, -0.211, 0.031
29.034, -0.565, -0.211, 0.030
29.050, -0.564, -0.211, 0.030
29.068, -0.564, -0.211, 0.031
29.084, -0.564, -0.211, 0.031
29.101, -0.564, -0.211, 0.031
29.117, -0.565, -0.211, 0.030
29.134, -0.565, -0.211, 0.030
29.151, -0.564, -0.211, 0.031
29.167, -0.565, -0.210, 0.030
29.184, -0.564, -0.211, 0.031
29.201, -0.564, -0.211, 0.031
29.217, -0.565, -0.211, 0.030
29.234, -0.564, -0.211, 0.031
29.251, -0.564, -0.211, 0.031
29.267, -0.565, -0.210, 0.030
29.284, -0.564, -0.211, 0.031
29.301, -0.564, -0.211, 0.031
29.317, -0.564, -0.211, 0.031
29.334, -0.565, -0.211, 0.030
29.351, -0.565, -0.210, 0.030
29.367, -0.564, -0.211, 0.031
29.384, -0.564, -0.211, 0.031
29.400, -0.564, -0.211, 0.031
29.417, -0.564, -0.211, 0.031
29.434, -0.564, -0.211, 0.031
29.450, -0.565, -0.211, 0.030
29.467, -0.564, -0.211, 0.030
29.484, -0.565, -0.211, 0.030
29.501, -0.565, -0.211, 0.030
29.517, -0.564, -0.211, 0.031
29.534, -0.565, -0.211, 0.030
29.551, -0.564, -0.211, 0.031
29.568, -0.564, -0.211, 0.031
29.584, -0.565, -0.210, 0.030
29.601, -0.565, -0.211, 0.030
29.617, -0.564, -0.211, 0.031
29.634, -0.564, -0.211, 0.031
29.651, -0.564, -0.211, 0.031
29.668, -0.564, -0.211, 0.031
29.684, -0.565, -0.211, 0.030
29.701, -0.564, -0.211, 0.031
29.717, -0.564, -0.211, 0.030
29.734, -0.564, -0.211, 0.031
29.750, -0.564, -0.211, 0.031
29.768, -0.565, -0.210, 0.030
29.784, -0.564, -0.211, 0.031
29.801, -0.564, -0.211, 0.031
29.817, -0.565, -0.211, 0.030
29.834, -0.564, -0.211, 0.031
29.850, -0.565, -0.210, 0.030
29.868, -0.564, -0.211, 0.031
29.884, -0.564, -0.211, 0.031
29.901, -0.565, -0.210, 0.030
29.917, -0.564, -0.211, 0.031
29.934, -0.564, -0.211, 0.031
29.951, -0.564, -0.211, 0.031
29.967, -0.564, -0.211, 0.031
29.984, -0.564, -0.211, 0.031
30.001, -0.564, -0.211, 0.031
30.019, -0.564, -0.211, 0.031
30.034, -0.565, -0.211, 0.030
30.051, -0.564, -0.211, 0.031
30.067, -0.565, -0.211, 0.030
30.084, -0.564, -0.211, 0.031
30.101, -0.564, -0.211, 0.031
30.117, -0.564, -0.211, 0.031
30.134, -0.564, -0.211, 0.031
30.151, -0.564, -0.211, 0.031
30.167, -0.564, -0.211, 0.031
30.184, -0.565, -0.211, 0.030
30.201, -0.564, -0.211, 0.031
30.217, -0.565, -0.211, 0.030
30.234, -0.564, -0.211, 0.031
30.251, -0.564, -0.211, 0.031
30.268, -0.565, -0.210, 0.030
30.284, -0.564, -0.211, 0.031
30.301, -0.564, -0.211, 0.031
30.317, -0.564, -0.211, 0.031
30.334, -0.564, -0.211, 0.031
30.350, -0.564, -0.211, 0.031
30.368, -0.565, -0.211, 0.030
30.384, -0.564, -0.211, 0.031
30.401, -0.565, -0.211, 0.030
30.417, -0.564, -0.211, 0.031
30.434, -0.564, -0.211, 0.030
30.451, -0.565, -0.210, 0.030
30.468, -0.564, -0.211, 0.031
30.484, -0.565, -0.211, 0.030
30.501, -0.565, -0.211, 0.030
30.517, -0.564, -0.211, 0.031
30.534, -0.565, -0.211, 0.030
30.550, -0.564, -0.211, 0.031
30.568, -0.564, -0.211, 0.030
30.584, -0.564, -0.210, 0.030
30.601, -0.564, -0.211, 0.030
30.617, -0.564, -0.211, 0.031
30.634, -0.565, -0.211, 0.030
30.651, -0.565, -0.211, 0.030
30.667, -0.564, -0.211, 0.031
30.684, -0.565, -0.211, 0.030
30.701, -0.564, -0.211, 0.031
30.718, -0.564, -0.211, 0.031
30.734, -0.564, -0.211, 0.031
30.751, -0.564, -0.211, 0.031
30.767, -0.564, -0.211, 0.031
30.784, -0.564, -0.211, 0.031
30.801, -0.564, -0.211, 0.031
30.817, -0.565, -0.211, 0.029
30.834, -0.564, -0.211, 0.031
30.851, -0.564, -0.211, 0.031
30.867, -0.565, -0.210, 0.030
30.884, -0.564, -0.211, 0.031
30.901, -0.564, -0.211, 0.031
30.917, -0.564, -0.211, 0.031
30.934, -0.564, -0.211, 0.031
30.951, -0.565, -0.210, 0.030
30.968, -0.564, -0.210, 0.030
30.984, -0.564, -0.211, 0.030
31.001, -0.564, -0.210, 0.030
31.017, -0.564, -0.211, 0.030
31.034, -0.564, -0.210, 0.030
31.051, -0.565, -0.211, 0.030
31.067, -0.564, -0.211, 0.031
31.084, -0.565, -0.211, 0.030
31.101, -0.564, -0.210, 0.030
31.117, -0.564, -0.211, 0.031
31.134, -0.564, -0.211, 0.030
31.151, -0.564, -0.211, 0.030
31.167, -0.564, -0.211, 0.031
31.184, -0.564, -0.211, 0.031
31.201, -0.564, -0.211, 0.031
31.217, -0.564, -0.211, 0.031
31.234, -0.565, -0.210, 0.030
31.251, -0.565, -0.211, 0.030
31.267, -0.564, -0.211, 0.031
31.284, -0.564, -0.211, 0.031
31.301, -0.564, -0.211, 0.031
31.317, -0.564, -0.211, 0.031
31.334, -0.564, -0.211, 0.031
31.351, -0.564, -0.211, 0.031
31.367, -0.565, -0.210, 0.030
31.384, -0.564, -0.211, 0.031
31.401, -0.564, -0.211, 0.031
31.417, -0.564, -0.211, 0.031
31.434, -0.564, -0.211, 0.031
31.451, -0.565, -0.211, 0.030
31.467, -0.564, -0.211, 0.031
31.484, -0.564, -0.211, 0.031
31.501, -0.565, -0.210, 0.030
31.517, -0.564, -0.211, 0.031
31.534, -0.565, -0.211, 0.030
31.551, -0.565, -0.210, 0.030
31.567, -0.564, -0.211, 0.031
31.584, -0.565, -0.210, 0.030
31.601, -0.565, -0.211, 0.030
31.617, -0.564, -0.211, 0.031
31.634, -0.565, -0.210, 0.030
31.651, -0.565, -0.211, 0.030
31.667, -0.564, -0.211, 0.030
31.684, -0.564, -0.211, 0.031
31.701, -0.564, -0.211, 0.029
31.717, -0.564, -0.211, 0.031
31.734, -0.565, -0.211, 0.030
31.751, -0.565, -0.210, 0.030
31.767, -0.564, -0.211, 0.031
31.784, -0.565, -0.210, 0.030
31.801, -0.564, -0.211, 0.031
31.817, -0.565, -0.211, 0.030
31.834, -0.564, -0.211, 0.031
31.851, -0.564, -0.211, 0.031
31.867, -0.564, -0.211, 0.031
31.887, -0.564, -0.211, 0.031
31.901, -0.564, -0.211, 0.031
31.917, -0.564, -0.211, 0.031
31.934, -0.564, -0.211, 0.031
31.951, -0.564, -0.211, 0.031
31.967, -0.565, -0.210, 0.030
31.984, -0.564, -0.211, 0.031
32.001, -0.564, -0.211, 0.031
32.018, -0.564, -0.211, 0.031
32.034, -0.564, -0.211, 0.031
32.051, -0.565, -0.210, 0.030
32.067, -0.564, -0.211, 0.031
32.084, -0.565, -0.210, 0.030
32.101, -0.565, -0.211, 0.030
32.117, -0.564, -0.211, 0.031
32.134, -0.565, -0.210, 0.030
32.151, -0.564, -0.211, 0.031
32.167, -0.564, -0.211, 0.031
32.184, -0.565, -0.211, 0.030
32.201, -0.564, -0.211, 0.031
32.217, -0.564, -0.211, 0.031
32.234, -0.565, -0.211, 0.030
32.251, -0.564, -0.211, 0.031
32.267, -0.564, -0.211, 0.031
32.284, -0.564, -0.211, 0.031
32.301, -0.564, -0.211, 0.031
32.317, -0.564, -0.211, 0.031
32.334, -0.564, -0.211, 0.031
32.351, -0.564, -0.211, 0.031
32.367, -0.564, -0.211, 0.031
32.384, -0.565, -0.210, 0.030
32.401, -0.564, -0.211, 0.031
32.417, -0.564, -0.211, 0.031
32.434, -0.564, -0.211, 0.031
32.451, -0.564, -0.211, 0.031
32.467, -0.565, -0.211, 0.030
32.484, -0.564, -0.211, 0.031
32.501, -0.564, -0.211, 0.031
32.517, -0.564, -0.211, 0.031
32.534, -0.564, -0.211, 0.031
32.551, -0.565, -0.211, 0.030
32.567, -0.564, -0.211, 0.031
32.584, -0.565, -0.211, 0.030
32.601, -0.565, -0.211, 0.030
32.617, -0.564, -0.211, 0.031
32.634, -0.565, -0.210, 0.030
32.651, -0.565, -0.210, 0.030
32.667, -0.564, -0.211, 0.030
32.684, -0.564, -0.211, 0.031
32.701, -0.565, -0.211, 0.030
32.717, -0.565, -0.211, 0.030
32.734, -0.565, -0.211, 0.030
32.751, -0.564, -0.211, 0.031
32.767, -0.564, -0.211, 0.031
32.784, -0.564, -0.211, 0.030
32.801, -0.564, -0.211, 0.031
32.817, -0.564, -0.211, 0.030
32.834, -0.564, -0.211, 0.031
32.851, -0.564, -0.211, 0.031
32.867, -0.564, -0.211, 0.031
32.884, -0.565, -0.210, 0.030
32.901, -0.564, -0.211, 0.031
32.917, -0.564, -0.211, 0.031
32.934, -0.564, -0.211, 0.031
32.951, -0.564, -0.211, 0.031
32.967, -0.564, -0.211, 0.031
32.984, -0.564, -0.211, 0.031
33.001, -0.564, -0.211, 0.031
33.017, -0.565, -0.211, 0.030
33.034, -0.564, -0.210, 0.031
33.051, -0.564, -0.211, 0.031
33.067, -0.564, -0.211, 0.031
33.084, -0.564, -0.211, 0.031
33.101, -0.564, -0.211, 0.031
33.117, -0.564, -0.211, 0.031
33.134, -0.564, -0.211, 0.031
33.151, -0.565, -0.210, 0.030
33.167, -0.564, -0.211, 0.031
33.184, -0.565, -0.210, 0.030
33.201, -0.565, -0.211, 0.030
33.217, -0.564, -0.211, 0.031
33.234, -0.565, -0.210, 0.030
33.251, -0.564, -0.210, 0.030
33.267, -0.564, -0.211, 0.031
33.284, -0.564, -0.211, 0.031
33.301, -0.564, -0.211, 0.031
33.317, -0.564, -0.211, 0.030
33.334, -0.564, -0.211, 0.031
33.351, -0.564, -0.211, 0.030
33.367, -0.564, -0.211, 0.030
33.384, -0.564, -0.211, 0.031
33.401, -0.564, -0.211, 0.031
33.417, -0.564, -0.211, 0.031
33.434, -0.564, -0.211, 0.030
33.451, -0.564, -0.211, 0.031
33.467, -0.564, -0.211, 0.031
33.484, -0.564, -0.211, 0.031
33.501, -0.564, -0.211, 0.031
33.517, -0.565, -0.211, 0.030
33.534, -0.564, -0.211, 0.031
33.551, -0.564, -0.211, 0.031
33.567, -0.564, -0.211, 0.030
33.584, -0.564, -0.211, 0.031
33.601, -0.565, -0.211, 0.030
33.617, -0.564, -0.211, 0.031
33.634, -0.564, -0.211, 0.031
33.651, -0.565, -0.210, 0.030
33.667, -0.564, -0.211, 0.031
33.684, -0.565, -0.210, 0.030
33.701, -0.565, -0.211, 0.030
33.717, -0.564, -0.211, 0.031
33.734, -0.565, -0.210, 0.030
33.751, -0.565, -0.210, 0.030
33.767, -0.564, -0.211, 0.031
33.784, -0.564, -0.211, 0.031
33.801, -0.564, -0.211, 0.031
33.817, -0.564, -0.211, 0.031
33.834, -0.565, -0.211, 0.030
33.851, -0.564, -0.211, 0.031
